569 501.653065105115
570 541.849892458632
571 542.573751822008
572 542.821545070365
573 577.481332077029
574 577.481332077029
575 577.481332077029
576 577.349914622784
577 580.271714336363
578 581.378447434811
579 581.378447434811
580 581.378447434811
581 581.378447434811
582 581.378447434811
583 581.378447434811
584 581.378447434811
585 581.378447434811
586 581.019975088536
587 581.019975088536
588 581.019975088536
589 581.378447434811
590 581.378447434811
591 581.378447434811
592 580.424101731174
593 580.424101731174
594 580.909180191181
595 581.378447434811
596 581.425624358159
597 581.378447434811
598 581.378447434811
599 581.378447434811
600 581.378447434811
601 578.566621479452
602 579.824821465027
603 578.193298143103
604 577.850106588674
605 579.824821465027
606 577.459888381005
607 575.792205700182
608 578.947223209969
609 578.947223209969
610 577.459888381005
611 577.459888381005
612 577.459888381005
613 577.459888381005
614 577.459888381005
615 578.053842970959
616 578.467751521801
617 574.652334854199
618 574.652334854199
619 577.944966841012
620 577.944966841012
621 577.465860465801
622 577.944966841012
623 577.944966841012
624 578.70051321005
625 578.193551352441
626 578.947223209969
627 577.991854222382
628 577.349914622784
629 577.349914622784
630 577.103204622865
631 575.846667456297
632 575.846667456297
633 572.099564304876
634 577.103204622865
635 576.072453210446
636 576.072453210446
637 577.349914622784
638 577.349914622784
639 578.278456412973
640 578.374896812151
641 578.374896812151
642 578.374896812151
643 577.75668063143
644 577.155756834462
645 577.155756834462
646 577.155756834462
647 575.620673911716
648 577.229965949458
649 577.229965949458
650 577.229965949458
651 575.77215668526
652 564.372643985352
653 575.620673911716
654 575.620673911716
655 569.1597855001
656 569.1597855001
657 569.1597855001
658 569.1597855001
659 569.1597855001
660 577.155756834462
661 576.73721711658
662 570.276328704965
663 570.276328704965
664 569.114569118568
665 570.276328704965
666 573.365912690358
667 574.059800962639
668 577.155756834462
669 575.620673911716
670 576.407905798907
671 574.843056572993
672 574.843056572993
673 574.843056572993
674 562.811715270705
675 550.927452213274
676 550.927452213274
677 551.806421206442
678 550.050996798487
679 550.050996798487
680 550.050996798487
681 550.050996798487
682 550.050996798487
683 540.261594913929
684 550.050996798487
685 550.050996798487
686 552.681326827123
687 551.806421206442
688 544.485845359389
689 542.950762436642
690 544.485845359389
691 551.853598129791
692 550.632667019368
693 550.632667019368
694 550.460924273258
695 550.460924273258
696 550.632667019368
697 550.632667019368
698 550.632667019368
699 562.856502222717
700 561.682312532599
701 561.51851042539
702 562.003588885398
703 562.003588885398
704 563.150033747314
705 565.259826029212
706 562.93145549554
707 576.914455027838
708 576.53292150966
709 578.153150927655
710 580.556709274445
711 577.302245205888
712 576.970895960434
713 576.970895960434
714 576.248923860309
715 576.293710812321
716 538.882591713622
717 544.832797014006
718 544.832797014006
719 547.227192951415
720 549.03826537692
721 549.03826537692
722 545.33393306399
723 546.633368538586
724 546.633368538586
725 546.549175193999
726 546.549175193999
727 545.832289834267
728 545.832289834267
729 545.974037205849
730 545.974037205849
731 545.882248157564
732 545.882248157564
733 545.882248157564
734 545.974037205849
735 545.832289834267
736 546.457386145715
737 546.457386145715
738 548.304599601955
739 548.304599601955
740 546.457386145715
741 550.413908140773
742 546.633368538586
743 546.159623071542
744 549.130054425204
745 549.130054425204
746 549.130054425204
747 549.130054425204
748 554.54954342289
749 554.54954342289
750 554.54954342289
751 550.849005540281
752 556.217226103714
753 554.54954342289
754 549.653704989954
755 547.605284894506
756 547.605284894506
757 547.098323036897
758 550.750560182679
759 549.328707158809
760 548.387076886523
761 547.670852213225
762 549.564584068622
763 549.564584068622
764 549.564584068622
765 546.6204141351
766 547.390413462486
767 550.268017233255
768 549.564584068622
769 548.771648206643
770 550.618861662883
771 550.618861662883
772 551.802074550732
773 546.523628393471
774 548.334700818976
775 548.334700818976
776 544.596982418681
777 545.048962921553
778 545.048962921553
779 545.048962921553
780 544.914797653357
781 551.375686064972
782 551.375686064972
783 551.375686064972
784 544.914797653357
785 545.048962921553
786 545.048962921553
787 547.162948707698
788 547.8722830488
789 548.334700818976
790 546.523628393471
791 550.657329833905
792 550.657329833905
793 550.657329833905
794 550.657329833905
795 549.943992856718
796 546.990616608022
797 548.775883861416
798 544.832797014006
799 548.079384692504
800 548.079384692504
801 548.771077525188
802 549.034311426456
803 548.059583912219
804 548.022093172387
805 541.013204222826
806 541.363364680041
807 541.420707958386
808 541.925550933811
809 541.925550933811
810 544.78081306528
811 540.02704254705
812 523.469960626208
813 505.276690472968
814 501.244635020526
815 505.117145947098
816 505.117145947098
817 505.5996403777
818 501.329646539672
819 504.956032704962
820 504.912181359288
821 504.912181359288
822 503.244498678464
823 503.244498678464
824 503.244498678464
825 502.723519545852
826 510.189688811816
827 515.194615878601
828 503.244498678464
829 503.244498678464
830 503.244498678464
831 499.618112513174
832 499.618112513174
833 499.066514825446
834 499.066514825446
835 501.329646539672
836 504.4184612861
837 504.419098115855
838 512.60397624234
839 507.200377280772
840 507.186391467691
841 507.186391467691
842 507.353165097047
843 504.610184089489
844 505.846765868318
845 506.553937674815
846 505.907486820422
847 506.553937674815
848 505.288888693208
849 510.519322364165
850 506.542623095309
851 511.306893941942
852 510.519322364165
853 505.914442032818
854 501.975488676075
855 502.768424538054
856 501.597843232835
857 497.190521286524
858 508.435535320372
859 509.732167003134
860 499.947334051646
861 509.222062710637
862 502.761174299022
863 503.407625153415
864 482.186884487772
865 509.222062710637
866 490.329558982113
867 543.65342871234
868 542.924224281819
869 544.412059154574
870 552.742497508993
871 557.220180037252
872 557.217790065915
873 561.279167064638
874 560.074282934044
875 560.065844022474
876 559.166338006888
877 559.166338006888
878 559.166338006888
879 556.123096318139
880 556.290337084354
881 555.133570165809
882 559.166338006888
883 561.248878053441
884 555.196789411673
885 555.174768360452
886 553.093281472914
887 547.767559733887
888 544.048827894887
889 538.79895040239
890 544.943773261829
891 522.632681726991
892 523.348906400288
893 535.200938908464
894 527.783561107375
895 537.168979957916
896 531.218736978244
897 515.220161748113
898 497.18328947675
899 496.469952499563
900 496.469952499563
901 495.318967061184
902 495.318967061184
903 498.408551046576
904 498.453337998588
905 498.453337998588
906 497.73711332529
907 497.73711332529
908 497.692326373278
909 499.182322721152
910 499.257701377663
911 503.435685230682
912 498.674686977425
913 494.912201052538
914 495.717744773984
915 498.807328759376
916 498.807328759376
917 498.807328759376
918 498.807328759376
919 494.912201052538
920 504.701602937096
921 500.137223203465
922 500.882465509525
923 497.361075762417
924 500.025209074137
925 500.025209074137
926 502.860780605876
927 514.187079177668
928 513.787184624206
929 499.900172300535
930 513.787184624206
931 517.433786306794
932 500.159156554324
933 498.751338752503
934 498.751338752503
935 500.069996026149
936 500.596150965008
937 502.325336252215
938 496.514739451575
939 499.368475380216
940 499.368475380216
941 502.070099431768
942 512.438272142498
943 512.681526489738
944 515.080099798394
945 515.080099798394
946 512.135221399602
947 512.09043444759
948 512.09043444759
949 513.249585304492
950 512.53736533417
951 516.016779864935
952 513.394863466924
953 516.484447452317
954 516.484447452317
955 515.054885801832
956 516.9009405871
957 512.393485190486
958 512.393485190486
959 513.199028911932
960 513.199028911932
961 513.199028911932
962 513.199028911932
963 517.652673966242
964 502.262467819204
965 502.851067139203
966 500.081812357402
967 500.04432161757
968 523.014881936224
969 523.014881936224
970 524.78746949729
971 531.218736978244
972 530.879898532456
973 532.36257980775
974 532.638735610955
975 528.665922227266
976 528.665922227266
977 531.375288464283
978 539.967618872972
979 539.967618872972
980 542.884703618533
981 542.884703618533
982 542.472425390672
983 536.196394613387
984 535.586241448282
985 535.757984194392
986 522.539548875588
987 524.728348890103
988 525.430239161185
989 522.132782866942
990 523.463109898043
991 535.812034259491
992 534.584457540449
993 534.584457540449
994 537.421326297232
995 535.586241448282
996 535.586241448282
997 536.334092483837
998 536.334092483837
999 536.078631611262
1000 536.196394613387
1001 536.196394613387
1002 536.196394613387
1003 534.693226522229
1004 536.196394613387
1005 536.196394613387
1006 541.31646847993
1007 542.884703618533
1008 537.757309812889
1009 537.757309812889
1010 537.349906974489
1011 537.349906974489
1012 539.338262269921
1013 539.338262269921
1014 538.728109104816
1015 539.374559959209
1016 539.374559959209
1017 537.349906974489
1018 537.441696022774
1019 538.106219277085
1020 539.966472222178
1021 499.551684233127
1022 493.280493332647
1023 504.164805152686
1024 524.677451689056
1025 525.931142274192
1026 530.33367684946
1027 530.429016344646
1028 534.407416373282
1029 534.682856760925
1030 535.202720158646
1031 535.019377210424
1032 534.196987149491
1033 537.568291575714
1034 537.568291575714
1035 537.568291575714
1036 531.107403164098
1037 531.107403164098
1038 531.107403164098
1039 529.756649122381
1040 536.652540224533
1041 533.026154059243
1042 529.756649122381
1043 532.826135415065
1044 530.482845410729
1045 530.382266071578
1046 530.382266071578
1047 534.196987149491
1048 534.196987149491
1049 534.199377120827
1050 535.93676825379
1051 537.568291575714
1052 542.821759888287
1053 542.824149859624
1054 537.568291575714
1055 535.267242062699
1056 537.141346851448
1057 537.141346851448
1058 537.60374214939
1059 537.745032270799
1060 537.745032270799
1061 543.637298052235
1062 540.365878898165
1063 540.365878898165
1064 540.365878898165
1065 548.504654358747
1066 534.565387759771
1067 534.565387759771
1068 534.565387759771
1069 536.139001709886
1070 535.41094517805
1071 535.883766389228
1072 537.109618370276
1073 538.148121947335
1074 538.148121947335
1075 537.909706473202
1076 537.909706473202
1077 537.909706473202
1078 540.027215605476
1079 540.027215605476
1080 537.909706473202
1081 537.065415038469
1082 537.109618370276
1083 537.109618370276
1084 541.269575961446
1085 541.269575961446
1086 541.289089968727
1087 536.139001709886
1088 535.802463039494
1089 535.864162246092
1090 535.864162246092
1091 535.864162246092
1092 536.181106505727
1093 534.633456420936
1094 534.633456420936
1095 532.674906180318
1096 534.633456420936
1097 526.26616587843
1098 535.197678649584
1099 532.615245113248
1100 527.888585927798
1101 529.327520981676
1102 535.137028156619
1103 535.137028156619
1104 535.137028156619
1105 535.137028156619
1106 537.844150430597
1107 538.986312717667
1108 533.536308094198
1109 532.875622194208
1110 532.875622194208
1111 532.875622194208
1112 533.536308094198
1113 533.536308094198
1114 535.137028156619
1115 534.911959398643
1116 534.911959398643
1117 533.699172659512
1118 529.35590113449
1119 534.17874475061
1120 534.17874475061
1121 525.627957636803
1122 521.525324598429
1123 522.234580431039
1124 526.45735123607
1125 526.45735123607
1126 523.92783345156
1127 523.92783345156
1128 523.92783345156
1129 523.930223422897
1130 523.92783345156
1131 521.525324598429
1132 521.701291252895
1133 524.383114524162
1134 524.383114524162
1135 524.376930613045
